Maxtm	VSB	V0    
30	100      1.0

N	Nb	Nt	Ng	Nl
118    185      9       54     100

i	   j      R	    X      b/2(YK)
1      2          0.0303        0.0999        0.0127
1      3          0.0129        0.0424        0.0054
4      5          0.0018        0.0080        0.0010
3      5          0.0241        0.1080        0.0142
5      6          0.0119        0.0540        0.0071
6      7          0.0046        0.0208        0.0027
8      9          0.0024        0.0305        0.5810
9      10         0.0026        0.0322        0.6150
4      11         0.0209        0.0688        0.0087
5      11         0.0203        0.0682        0.0087
11     12         0.0060        0.0196        0.0025
2      12         0.0187        0.0616        0.0079
3      12         0.0484        0.1600        0.0203
7      12         0.0086        0.0340        0.0044
11     13         0.0222        0.0731        0.0094
12     14         0.0215        0.0707        0.0091
13     15         0.0744        0.2444        0.0313
14     15         0.0595        0.1950        0.0251
12     16         0.0212        0.0834        0.0107
15     17         0.0132        0.0437        0.0222
16     17         0.0454        0.1801        0.0233
17     18         0.0123        0.0505        0.0065
18     19         0.0112        0.0493        0.0057
19     20         0.0252        0.1170        0.0149
15     19         0.0120        0.0394        0.0050
20     21         0.0183        0.0849        0.0108
21     22         0.0209        0.0970        0.0123
22     23         0.0342        0.1590        0.0202
23     24         0.0135        0.0492        0.0249
23     25         0.0156        0.0800        0.0432
25     27         0.0318        0.1630        0.0882
27     28         0.0191        0.0855        0.0108
28     29         0.0237        0.0943        0.0119
8      30         0.0043        0.0504        0.2570
26     30         0.0080        0.0860        0.4540
17     31         0.0474        0.1563        0.0199
29     31         0.0108        0.0331        0.0042
23     32         0.0317        0.1153        0.0587
31     32         0.0298        0.0985        0.0126
27     32         0.0229        0.0755        0.0096
15     33         0.0380        0.1244        0.0160
19     34         0.0752        0.2470        0.0316
35     36         0.0022        0.0102        0.0012
35     37         0.0110        0.0497        0.0066
33     37         0.0415        0.1420        0.0183   
34     36         0.0087        0.0268        0.0028
34     37         0.0026        0.0094        0.0043
37     39         0.0321        0.1060        0.0135
37     40         0.0593        0.1680        0.0210
30     38         0.0046        0.0540        0.2110
39     40         0.0184        0.0605        0.0078
40     41         0.0145        0.0487        0.0061
40     42         0.0555        0.1830        0.0233
41     42         0.0410        0.1350        0.0172
43     44         0.0608        0.2454        0.0303
34     43         0.0413        0.1681        0.0211
44     45         0.0224        0.0901        0.0112
45     46         0.0400        0.1356        0.0166
46     47         0.0380        0.1270        0.0158
46     48         0.0601        0.1890        0.0236
47     49         0.0191        0.0625        0.0080
42     49         0.0357        0.1615        0.0860
45     49         0.0684        0.1860        0.0222
48     49         0.0179        0.0505        0.0063
49     50         0.0267        0.0752        0.0094
49     51         0.0486        0.1370        0.0171 
51     52         0.0203        0.0588        0.0070
52     53         0.0405        0.1635        0.0203
53     54         0.0263        0.1220        0.0155
49     54         0.0398        0.1450        0.0734 
54     55         0.0169        0.0707        0.0101
54     56         0.0027        0.0095        0.0037
55     56         0.0049        0.0151        0.0019
56     57         0.0343        0.0966        0.0121 
50     57         0.0474        0.1340        0.0166
56     58         0.0343        0.0966        0.0121
51     58         0.0255        0.0719        0.0089
54     59         0.0503        0.2293        0.0299
56     59         0.0407        0.1244        0.0553
55     59         0.0474        0.2158        0.0282
59     60         0.0317        0.1450        0.0188
59     61         0.0328        0.1500        0.0194
60     61         0.0026        0.0135        0.0073
60     62         0.0123        0.0561        0.0073
61     62         0.0082        0.0376        0.0049
63     64         0.0017        0.0200        0.1080
38     65         0.0090        0.0986        0.5230
64     65         0.0027        0.0302        0.1900
49     66         0.0090        0.0459        0.0248
62     66         0.0482        0.2180        0.0289
62     67         0.0258        0.1170        0.0155
66     67         0.0224        0.1015        0.0134
65     68         0.0014        0.0160        0.3190
47     69         0.0844        0.2778        0.0355
49     69         0.0985        0.3240        0.0414
69     70         0.0300        0.1270        0.0610 
24     70         0.1022        0.4115        0.0510
70     71         0.0088        0.0355        0.0044
24     72         0.0488        0.1960        0.0244
71     72         0.0446        0.1800        0.0222
71     73         0.0087        0.0454        0.0059
70     74         0.0401        0.1323        0.0168
70     75         0.0428        0.1410        0.0180
69     75         0.0405        0.1220        0.0620
74     75         0.0123        0.0406        0.0052
76     77         0.0444        0.1480        0.0184
69     77         0.0309        0.1010        0.0519
75     77         0.0601        0.1999        0.0249
77     78         0.0038        0.0124        0.0063
78     79         0.0055        0.0244        0.0032
77     80         0.0108        0.0332        0.0350
79     80         0.0156        0.0704        0.0095
68     81         0.0018        0.0202        0.4040
77     82         0.0298        0.0853        0.0409
82     83         0.0112        0.0367        0.0190
83     84         0.0625        0.1320        0.0129
83     85         0.0430        0.1480        0.0174
84     85         0.0302        0.0641        0.0062
85     86         0.0350        0.1230        0.0138
86     87         0.0283        0.2074        0.0222
85     88         0.0200        0.1020        0.0138
85     89         0.0239        0.1730        0.0235
88     89         0.0139        0.0712        0.0097
89     90         0.0163        0.0652        0.0794
90     91         0.0254        0.0836        0.0107
89     92         0.0079        0.0383        0.0481
91     92         0.0387        0.1272        0.0163
92     93         0.0258        0.0848        0.0109 
92     94         0.0481        0.1580        0.0203
93     94         0.0223        0.0732        0.0094
94     95         0.0132        0.0434        0.0056
80     96         0.0356        0.1820        0.0247
82     96         0.0162        0.0530        0.0272
94     96         0.0269        0.0869        0.0115
80     97         0.0183        0.0934        0.0127
80     98         0.0238        0.1080        0.0143
80     99         0.0454        0.2060        0.0273
92    100         0.0648        0.2950        0.0386
94    100         0.0178        0.0580        0.0302
95     96         0.0171        0.0547        0.0074
96     97         0.0173        0.0885        0.0120
98    100         0.0397        0.1790        0.0238
99    100         0.0180        0.0813        0.0108
100   101         0.0277        0.1262        0.0164
92   102          0.0123        0.0559        0.0073
101   102         0.0246        0.1120        0.0147
100   103         0.0160        0.0525        0.0268
100   104         0.0451        0.2040        0.0271
103   104         0.0466        0.1584        0.0204
103   105         0.0535        0.1625        0.0204
100   106         0.0605        0.2290        0.0310
104   105         0.0099        0.0378        0.0049
105   106         0.0140        0.0547        0.0072
105   107         0.0530        0.1830        0.0236
105   108         0.0261        0.0703        0.0922
106   107         0.0530        0.1830        0.0236
108   109         0.0105        0.0288        0.0038
103   110         0.0391        0.1813        0.0231
109   110         0.0278        0.0762        0.0101
110   111         0.0220        0.0755        0.0100
110   112         0.0247        0.0640        0.0310
17   113          0.0091        0.0301        0.0038
32   113          0.0615        0.2030        0.0259
32   114          0.0135        0.0612        0.0081 
27   115          0.0164        0.0741        0.0099
114   115         0.0023        0.0104        0.0014
68    116         0.0003        0.0040        0.0820
12    117         0.0329        0.1400        0.0179
75    118         0.0145        0.0481        0.0060
76    118         0.0164        0.0544        0.0068
5     5   	0.0    		-2.500000	0
17    17	0.0		16.67		0
34    34  	0.0   		7.14285		0
37    37  	0.0    		-4.000000	0
44    44  	0.0   		10.00000	0
45    45  	0.0   		10.00000	0
46    46  	0.0   		10.00000     0
48    48  	0.0   		6.666667     0
74    74  	0.0   		8.333333     0
79    79  	0.0   		5.000000     0
82    82  	0.0   		5.000000     0
83    83  	0.0   		10.0000      0
105   105  	0.0   		5.000000     0
107   107  	0.0   		16.66667     0
110   110  	0.0   		16.66667     0
5     8  0.000000  0.026700  0.985000
25    26  0.000000  0.038200  0.960000
17    30  0.000000  0.038800  0.960000
37    38  0.000000  0.037500  0.935000
59    63  0.000000  0.038600  0.960000
61    64  0.000000  0.026800  0.985000
66    65  0.000000  0.037000  0.935000
69    68  0.000000  0.037000  0.935000
80    81  0.000000  0.037000  0.935000

i   type       		P        Q       	V
69	0	  3.00000    0		   1.035000
1       -1        0.1000     -0.0853       0.9550
4       -1        0.2000     -0.5909       0.9980
6       -1        0.1500      0.0451       0.9900
8       -1        0.1000      0.4450       1.0150
10      -1        4.5000      0.0000	   1.0500
12      -1        0.8500      0.8340       0.9900
15      -1        0.1200      0.0307       0.9700
18      -1        0.1000      0.2670       0.9730
19      -1        0.2000     -0.2057       0.9620
24      -1        0.1500      1.8754       0.9920
25      -1        2.2000      2.4857       1.0500
26      -1        3.1400      0.0844	   1.0150
27      -1        0.1200      0.3585       0.9686
31      -1        0.1000      2.0019       0.9670
32      -1        0.2000     -0.2402       0.9630
34      -1        0.1500     -0.3873       0.9840
36      -1        0.1000     -0.0070       0.9800
40      -1        0.1000      0.2545       0.9700
42      -1        0.1200      0.4005       0.9850
46      -1        0.2000      0.2706       1.0050
49      -1        2.0400      1.3783       1.0083
54      -1        0.4800     -0.2675       0.9550
55      -1        0.1000      0.0160       0.9520
56      -1        0.1200     -0.1180       0.9540
59      -1        1.5500      0.7692       0.9850
61      -1        1.6000     -0.4145	   0.9950
62      -1        0.1500     -0.0296       0.9980
65      -1        3.9100      0.7037	   1.0050
66      -1        3.9200      0.0102       1.0500
70      -1        0.5000     -0.1099       0.9840
72      -1        0.2000     -0.1095       0.9800
73      -1        0.1500      0.0959       0.9910
74      -1        0.1000     -0.0065       0.9580
76      -1        0.1000      0.0164       0.9430
77      -1        0.1200      0.6619       1.0060
80      -1        4.7700      1.3438       1.0400
85      -1        0.2000      0.1205       0.9850
87      -1        0.1500      0.0907	   1.0150
89      -1        6.0700      -0.0485	   1.0050
90      -1        0.1000      0.5909       0.9850
91      -1        0.1200     -0.1308       0.9800
92      -1        0.5000     -0.1793       0.9900
99      -1        0.2000     -0.1717       1.0100
100     -1        2.5200      1.0416       1.0170
103     -1        0.5000      0.6870       1.0100
104     -1        0.1000     -0.0119       0.9710
105     -1        0.1000     -0.1563       0.9650
107     -1        0.1200      0.1180       0.9520
110     -1        0.1200     -0.0141       0.9730
111     -1        0.3600     -0.0184	   0.9800
112     -1        0.1200      0.4151       0.9750
113     -1        0.1200      0.0696       0.9930
116     -1        0.1200      0.5671	   1.0050
1       1        0.5100       0.2700       0.0000
2        1        0.2000      0.0900       0.0000
3        1        0.3900      0.1000       0.0000
4       1        0.9000       0.1200       0.0000
5        1        0.0000      0.0000       0.0000
6       1        0.5200       0.2200       0.0000
7        1        0.1900      0.0200       0.0000
8       1        0.5000       0.0000       0.0000
11       1        0.7000      0.2300       0.0000
12      1        0.3700       0.1000       0.0000
13       1        0.3400       0.1600       0.0000
14       1        0.1400       0.0100       0.0000
15      1        0.9000       0.3000       0.0000
16       1        0.2500       0.1000       0.0000
17       1        0.1100       0.0300       0.0000
18      1        0.6000       0.3400       0.0000
19      1        0.4500       0.2500       0.0000
20       1        0.1800       0.0300       0.0000
21       1        0.1400       0.0800       0.0000
22       1        0.1000       0.0500       0.0000
23       1        0.0700       0.0300       0.0000
24      1        0.0300       2.0000       0.0000
25      1        0.0000       2.0000       0.0000
28       1        0.1700       0.3600       0.0000
29       1        0.2400       0.9900       0.0000
33       1        0.2300       0.0900       0.0000
27      1        0.8200       0.1300       0.0000
31      1        0.4300       0.9900       0.0000
32      1        0.5900       0.2300       0.0000
34      1        0.5900       0.2600       0.0000
36      1        0.3100       0.1700       0.0000
40      1        0.7600       0.2300       0.0000
42      1        1.1000       0.2300       0.0000
46      1        0.2800       0.1000       0.0000
49      1        0.8700       0.3000       0.0000
54      1        0.1300       0.3200       0.0000
55      1        0.6300       0.2200       0.0000
56      1        0.8400       0.1800       0.0000
59      1        2.7700       1.1300       0.0000
62      1        0.7700       0.1400       0.0000
66      1        0.3900       0.1800       0.0000
70      1        0.6600       0.2000       0.0000
72      1        0.3200       0.0000       0.0000
73      1        0.2100       0.0000       0.0000
74      1        0.6800       0.2700       0.0000
76      1        0.6800       0.3600       0.0000
77      1        0.6100       0.2800       0.0000
80      1        1.3000       0.2600       0.0000
85      1        0.2400       0.1500       0.0000
90      1        1.7300       0.4200       0.0000
91      1        0.2200       0.0000       0.0000
92      1        0.6500       0.1000       0.0000
99      1        0.6200       0.0000       0.0000
100     1        0.3700       0.1800       0.0000
103     1        0.2300       0.1600       0.0000
104     1        0.3800       0.2500       0.0000
105     1        0.3100       0.2600       0.0000
107     1        0.6200       0.1200       0.0000
110     1        0.3900       0.3000       0.0000
112     1        0.8000       0.1300       0.0000
113     1        0.1200       0.0000       0.0000
35       1        0.3300       0.0900       0.0000
39       1        0.2700       0.1100       0.0000
41       1        0.3700       0.1000       0.0000
43       1        0.1800       0.0700       0.0000
44       1        0.1600       0.0800       0.0000
45       1        0.5300       0.2200       0.0000
47       1        0.3400       0.0000       0.0000
48       1        0.2000       0.1100       0.0000
50       1        0.1700       0.0400       0.0000
51       1        0.1700       0.0800       0.0000
52       1        0.1800       0.0500       0.0000
53       1        0.2300       0.1100       0.0000
57       1        0.1200       0.0300       0.0000
58       1        0.1200       0.0300       0.0000
60       1        0.7800       0.0300       0.0000
67       1        0.2800       0.0700       0.0000
75       1        0.4700       0.1100       0.0000
78       1        0.7100       0.2600       0.0000
79       1        0.3900       0.3200       0.0000
82       1        0.5400       0.2700       0.0000
83       1        0.2000       0.1000       0.0000
84       1        0.1100       0.0700       0.0000
86       1        0.2100       0.1000       0.0000
88       1        0.4800       0.1000       0.0000
93       1        0.1200       0.0700       0.0000
94       1        0.3000       0.1600       0.0000
95       1        0.4200       0.3100       0.0000
96       1        0.3800       0.1500       0.0000
97       1        0.1500       0.0900       0.0000
98       1        0.3400       0.0800       0.0000
101      1        0.2200       0.1500       0.0000
102      1        0.0500       0.0300       0.0000
106      1        0.4300       0.1600       0.0000
108      1        0.0200       0.0100       0.0000
109      1        0.0800       0.0300       0.0000
114      1        0.0800       0.0300       0.0000
115      1        0.2200       0.0700       0.0000
117      1        0.2000       0.0800       0.0000
118      1        0.3300       0.1500       0.0000